DESIRED_FORCE_FACTOR: 2.0
SOCIAL_FORCE_A: 1000.0
SOCIAL_FORCE_B: 0.15121090240023946
VISION_RANGE: 5.719169977346263
