DESIRED_FORCE_FACTOR: 1.9968834466361118
SOCIAL_FORCE_A: 2096.421093472075
SOCIAL_FORCE_B: 0.11699799981849243
VISION_RANGE: 1.8442068913845822
